MetIoR disorder meta-prediction for input.fasta
AA=Amino acid; D/O=Disorder/Order; M=MetIoR; P1=IUPred3-long; P2=IUPred3-short; P3=Aiupred; P4=IsUnstruct-long; P5=IsUnstruct-short
Sl no.		AA		D/O		M		P1		P2		P3		P4		P5
-----------------------------------------------------------------------------------------------------------------------------------------------
1		M		D		0.74		0.982		0.996		0.948		0.999		0.9
2		E		D		0.736		0.986		0.988		0.953		0.997		0.9
3		E		D		0.703		0.981		0.979		0.954		0.996		0.9
4		P		D		0.686		0.974		0.968		0.956		0.995		0.9
5		Q		O		0.385		0.969		0.954		0.961		0.994		0.9
6		S		O		0.341		0.967		0.936		0.966		0.991		0.9
7		D		O		0.374		0.968		0.914		0.97		0.987		0.9
8		P		O		0.371		0.968		0.887		0.967		0.982		0.9
9		S		O		0.472		0.964		0.853		0.971		0.972		0.9
10		V		D		0.669		0.953		0.814		0.965		0.953		0.9
11		E		O		0.438		0.926		0.766		0.956		0.949		0.9
12		P		O		0.44		0.884		0.715		0.952		0.938		0.9
13		P		O		0.397		0.827		0.657		0.959		0.917		0.9
14		L		O		0.368		0.773		0.61		0.967		0.878		0.8
15		S		O		0.355		0.725		0.574		0.973		0.863		0.8
16		Q		D		0.518		0.683		0.545		0.974		0.83		0.8
17		E		O		0.492		0.646		0.523		0.98		0.78		0.7
18		T		O		0.4		0.611		0.498		0.971		0.696		0.6
19		F		D		0.517		0.586		0.481		0.971		0.611		0.6
20		S		O		0.262		0.57		0.468		0.974		0.587		0.5
21		D		O		0.347		0.561		0.458		0.97		0.534		0.5
22		L		O		0.22		0.546		0.441		0.968		0.455		0.4
23		W		O		0.149		0.526		0.423		0.969		0.419		0.4
24		K		O		0.343		0.5		0.401		0.969		0.437		0.4
25		L		O		0.477		0.48		0.387		0.965		0.443		0.4
26		L		D		0.604		0.466		0.378		0.954		0.473		0.4
27		P		O		0.183		0.465		0.379		0.959		0.542		0.5
28		E		O		0.114		0.474		0.386		0.964		0.577		0.5
29		N		O		0.216		0.484		0.391		0.967		0.593		0.5
30		N		O		0.222		0.492		0.397		0.977		0.6		0.6
31		V		O		0.22		0.493		0.397		0.977		0.601		0.6
32		L		O		0.162		0.514		0.41		0.979		0.625		0.6
33		S		O		0.305		0.55		0.434		0.981		0.685		0.6
34		P		O		0.433		0.579		0.453		0.985		0.715		0.7
35		L		D		0.722		0.604		0.47		0.989		0.725		0.7
36		P		D		0.589		0.629		0.486		0.984		0.76		0.7
37		S		O		0.374		0.658		0.511		0.98		0.775		0.7
38		Q		O		0.361		0.671		0.527		0.976		0.775		0.7
39		A		O		0.407		0.678		0.542		0.978		0.766		0.7
40		M		D		0.584		0.668		0.55		0.983		0.758		0.7
41		D		D		0.676		0.651		0.556		0.99		0.754		0.7
42		D		D		0.891		0.63		0.562		0.996		0.74		0.7
43		L		D		0.524		0.608		0.567		0.993		0.716		0.7
44		M		D		0.552		0.58		0.566		0.99		0.713		0.7
45		L		D		0.608		0.583		0.583		0.989		0.714		0.7
46		S		D		0.664		0.598		0.601		0.99		0.737		0.7
47		P		D		0.618		0.616		0.617		0.988		0.742		0.7
48		D		D		0.58		0.636		0.631		0.984		0.732		0.7
49		D		O		0.48		0.653		0.642		0.987		0.711		0.7
50		I		O		0.338		0.682		0.661		0.981		0.677		0.6
51		E		O		0.3		0.721		0.689		0.977		0.678		0.6
52		Q		O		0.318		0.757		0.716		0.983		0.664		0.6
53		W		O		0.409		0.776		0.733		0.98		0.637		0.6
54		F		O		0.213		0.792		0.746		0.977		0.662		0.6
55		T		O		0.116		0.821		0.771		0.975		0.748		0.7
56		E		O		0.115		0.838		0.787		0.976		0.833		0.8
57		D		O		0.198		0.845		0.791		0.974		0.885		0.8
58		P		O		0.35		0.844		0.786		0.971		0.921		0.9
59		G		O		0.32		0.846		0.782		0.977		0.94		0.9
60		P		O		0.364		0.85		0.78		0.978		0.958		0.9
61		D		O		0.484		0.853		0.778		0.974		0.968		0.9
62		E		O		0.377		0.856		0.776		0.981		0.974		0.9
63		A		O		0.313		0.872		0.781		0.985		0.976		0.9
64		P		D		0.8		0.887		0.784		0.98		0.981		0.9
65		R		D		0.722		0.905		0.79		0.983		0.982		0.9
66		M		D		0.762		0.919		0.791		0.98		0.983		0.9
67		P		D		0.914		0.924		0.786		0.971		0.986		0.9
68		E		D		0.903		0.92		0.774		0.967		0.987		0.9
69		A		D		0.839		0.904		0.753		0.96		0.987		0.9
70		A		D		0.734		0.895		0.735		0.952		0.988		0.9
71		P		O		0.428		0.878		0.712		0.949		0.991		0.9
72		P		O		0.114		0.854		0.683		0.953		0.993		0.9
73		V		O		0.221		0.848		0.672		0.959		0.993		0.9
74		A		O		0.149		0.845		0.665		0.955		1.0		0.9
75		P		O		0.275		0.851		0.663		0.969		1.0		0.9
76		A		O		0.198		0.855		0.658		0.967		1.0		0.9
77		P		O		0.162		0.848		0.647		0.957		1.0		0.9
78		A		O		0.176		0.837		0.633		0.948		1.0		0.9
79		A		O		0.225		0.827		0.623		0.94		0.997		0.9
80		P		O		0.208		0.814		0.61		0.929		0.997		0.9
81		T		O		0.266		0.798		0.594		0.939		0.996		0.9
82		P		O		0.274		0.772		0.573		0.942		0.997		0.9
83		A		O		0.214		0.75		0.554		0.935		0.997		0.9
84		A		O		0.095		0.725		0.533		0.907		1.0		0.9
85		P		O		0.054		0.719		0.527		0.909		1.0		0.9
86		A		O		0.051		0.725		0.527		0.911		1.0		0.9
87		P		O		0.06		0.724		0.524		0.91		1.0		0.9
88		A		O		0.071		0.721		0.52		0.893		1.0		0.9
89		P		O		0.204		0.723		0.52		0.88		0.986		0.9
90		S		O		0.196		0.713		0.512		0.838		0.962		0.9
91		W		O		0.152		0.706		0.509		0.831		0.918		0.9
92		P		O		0.203		0.687		0.499		0.824		0.917		0.9
93		L		O		0.203		0.681		0.498		0.83		0.908		0.9
94		S		O		0.151		0.651		0.481		0.8		0.912		0.9
95		S		O		0.389		0.615		0.461		0.785		0.908		0.9
96		S		D		0.574		0.574		0.437		0.789		0.892		0.8
97		V		O		0.238		0.534		0.415		0.765		0.86		0.8
98		P		O		0.291		0.497		0.391		0.757		0.851		0.8
99		S		O		0.092		0.464		0.37		0.748		0.827		0.8
100		Q		O		0.209		0.422		0.34		0.676		0.779		0.7
101		K		O		0.136		0.385		0.311		0.594		0.705		0.7
102		T		O		0.094		0.348		0.281		0.545		0.599		0.5
103		Y		O		0.034		0.334		0.264		0.53		0.49		0.4
104		Q		O		0.17		0.333		0.256		0.53		0.457		0.4
105		G		O		0.007		0.335		0.25		0.512		0.403		0.4
106		S		O		0.024		0.335		0.243		0.528		0.34		0.3
107		Y		O		0.024		0.334		0.238		0.516		0.221		0.2
108		G		O		0.024		0.333		0.23		0.458		0.182		0.1
109		F		O		0.028		0.337		0.224		0.429		0.136		0.1
110		R		O		0.007		0.327		0.207		0.421		0.124		0.1
111		L		O		0.0		0.318		0.191		0.366		0.104		0.1
112		G		O		0.003		0.289		0.159		0.331		0.098		0.0
113		F		O		0.0		0.265		0.132		0.275		0.088		0.0
114		L		O		0.002		0.238		0.105		0.248		0.095		0.0
115		H		O		0.102		0.22		0.084		0.208		0.116		0.1
116		S		O		0.0		0.213		0.071		0.196		0.136		0.1
117		G		O		0.006		0.223		0.071		0.238		0.139		0.1
118		T		O		0.018		0.233		0.07		0.227		0.139		0.1
119		A		O		0.061		0.253		0.078		0.203		0.137		0.1
120		K		O		0.044		0.277		0.087		0.193		0.134		0.1
121		S		O		0.039		0.298		0.093		0.165		0.121		0.1
122		V		O		0.015		0.311		0.096		0.171		0.09		0.0
123		T		O		0.012		0.319		0.095		0.177		0.077		0.0
124		C		O		0.003		0.315		0.09		0.149		0.062		0.0
125		T		O		0.0		0.294		0.08		0.163		0.063		0.0
126		Y		O		0.001		0.273		0.072		0.177		0.063		0.0
127		S		O		0.0		0.249		0.064		0.223		0.079		0.0
128		P		O		0.0		0.223		0.053		0.234		0.082		0.0
129		A		O		0.004		0.203		0.046		0.221		0.073		0.0
130		L		O		0.0		0.184		0.041		0.19		0.063		0.0
131		N		O		0.0		0.175		0.042		0.133		0.063		0.0
132		K		O		0.004		0.167		0.044		0.115		0.057		0.0
133		M		O		0.0		0.159		0.045		0.138		0.043		0.0
134		F		O		0.0		0.151		0.043		0.145		0.028		0.0
135		C		O		0.0		0.148		0.045		0.174		0.026		0.0
136		Q		O		0.0		0.147		0.047		0.173		0.033		0.0
137		L		O		0.0		0.149		0.053		0.166		0.034		0.0
138		A		O		0.0		0.145		0.05		0.143		0.041		0.0
139		K		O		0.0		0.157		0.058		0.128		0.046		0.0
140		T		O		0.0		0.168		0.067		0.148		0.046		0.0
141		C		O		0.0		0.196		0.084		0.166		0.043		0.0
142		P		O		0.0		0.235		0.112		0.171		0.053		0.0
143		V		O		0.004		0.287		0.152		0.172		0.053		0.0
144		Q		O		0.027		0.335		0.189		0.145		0.062		0.0
145		L		O		0.004		0.384		0.234		0.148		0.063		0.0
146		W		O		0.008		0.429		0.274		0.205		0.073		0.0
147		V		O		0.006		0.464		0.309		0.271		0.14		0.1
148		D		O		0.1		0.482		0.334		0.308		0.279		0.2
149		S		O		0.073		0.482		0.347		0.304		0.374		0.3
150		T		O		0.041		0.463		0.347		0.272		0.423		0.4
151		P		O		0.027		0.439		0.345		0.242		0.47		0.4
152		P		O		0.082		0.423		0.347		0.216		0.491		0.4
153		P		O		0.042		0.415		0.355		0.241		0.492		0.4
154		G		O		0.03		0.431		0.381		0.247		0.475		0.4
155		T		O		0.005		0.466		0.422		0.249		0.453		0.4
156		R		O		0.075		0.502		0.46		0.279		0.43		0.4
157		V		O		0.039		0.541		0.498		0.293		0.395		0.3
158		R		O		0.031		0.578		0.532		0.294		0.387		0.3
159		A		O		0.032		0.601		0.552		0.279		0.37		0.3
160		M		O		0.098		0.6		0.552		0.245		0.354		0.3
161		A		O		0.046		0.58		0.538		0.21		0.34		0.3
162		I		O		0.008		0.532		0.499		0.204		0.326		0.3
163		Y		O		0.003		0.473		0.457		0.211		0.341		0.3
164		K		O		0.012		0.422		0.422		0.198		0.406		0.4
165		Q		O		0.026		0.389		0.403		0.19		0.448		0.4
166		S		O		0.01		0.365		0.391		0.195		0.473		0.4
167		Q		O		0.038		0.348		0.386		0.202		0.476		0.4
168		H		O		0.065		0.338		0.386		0.227		0.467		0.4
169		M		O		0.03		0.342		0.395		0.251		0.458		0.4
170		T		O		0.167		0.363		0.415		0.271		0.451		0.4
171		E		O		0.008		0.389		0.438		0.264		0.443		0.4
172		V		O		0.208		0.414		0.458		0.262		0.418		0.4
173		V		O		0.125		0.436		0.472		0.248		0.418		0.4
174		R		O		0.016		0.453		0.481		0.251		0.441		0.4
175		R		O		0.01		0.45		0.475		0.259		0.454		0.4
176		C		O		0.018		0.446		0.471		0.279		0.458		0.4
177		P		O		0.006		0.449		0.476		0.286		0.507		0.5
178		H		O		0.043		0.452		0.483		0.287		0.529		0.5
179		H		O		0.004		0.452		0.489		0.262		0.55		0.5
180		E		O		0.016		0.447		0.492		0.237		0.571		0.5
181		R		O		0.01		0.435		0.489		0.257		0.576		0.5
182		C		O		0.054		0.434		0.492		0.313		0.574		0.5
183		S		O		0.218		0.446		0.502		0.343		0.611		0.6
184		D		O		0.046		0.461		0.511		0.384		0.624		0.6
185		S		O		0.119		0.469		0.51		0.401		0.627		0.6
186		D		O		0.106		0.464		0.497		0.39		0.612		0.6
187		G		O		0.08		0.454		0.476		0.362		0.584		0.5
188		L		O		0.298		0.452		0.464		0.344		0.551		0.5
189		A		O		0.063		0.459		0.46		0.33		0.543		0.5
190		P		O		0.063		0.466		0.457		0.326		0.536		0.5
191		P		O		0.066		0.465		0.448		0.308		0.51		0.5
192		Q		O		0.008		0.456		0.435		0.331		0.453		0.4
193		H		O		0.039		0.432		0.412		0.353		0.364		0.3
194		L		O		0.002		0.412		0.395		0.354		0.275		0.2
195		I		O		0.016		0.404		0.387		0.363		0.232		0.2
196		R		O		0.002		0.406		0.389		0.413		0.224		0.2
197		V		O		0.001		0.402		0.383		0.448		0.207		0.2
198		E		O		0.001		0.392		0.371		0.411		0.208		0.2
199		G		O		0.022		0.384		0.358		0.365		0.196		0.1
200		N		O		0.018		0.373		0.34		0.335		0.18		0.1
201		L		O		0.007		0.366		0.323		0.287		0.153		0.1
202		R		O		0.0		0.374		0.317		0.271		0.145		0.1
203		V		O		0.0		0.382		0.311		0.268		0.129		0.1
204		E		O		0.002		0.373		0.295		0.257		0.128		0.1
205		Y		O		0.006		0.361		0.276		0.216		0.115		0.1
206		L		O		0.024		0.346		0.258		0.213		0.123		0.1
207		D		O		0.02		0.344		0.254		0.237		0.146		0.1
208		D		O		0.034		0.351		0.261		0.228		0.158		0.1
209		R		O		0.017		0.354		0.265		0.212		0.16		0.1
210		N		O		0.024		0.347		0.261		0.187		0.154		0.1
211		T		O		0.003		0.35		0.264		0.172		0.141		0.1
212		F		O		0.02		0.371		0.28		0.169		0.127		0.1
213		R		O		0.002		0.398		0.301		0.174		0.132		0.1
214		H		O		0.008		0.443		0.335		0.196		0.131		0.1
215		S		O		0.054		0.472		0.354		0.184		0.129		0.1
216		V		O		0.039		0.493		0.366		0.186		0.111		0.1
217		V		O		0.074		0.502		0.365		0.176		0.107		0.1
218		V		O		0.173		0.503		0.359		0.172		0.117		0.1
219		P		O		0.166		0.484		0.336		0.17		0.144		0.1
220		Y		O		0.133		0.467		0.316		0.176		0.154		0.1
221		E		O		0.325		0.447		0.295		0.185		0.198		0.1
222		P		O		0.027		0.424		0.273		0.184		0.221		0.2
223		P		O		0.048		0.392		0.243		0.163		0.226		0.2
224		E		O		0.097		0.362		0.214		0.169		0.214		0.2
225		V		O		0.033		0.353		0.203		0.167		0.186		0.1
226		G		O		0.014		0.353		0.201		0.186		0.179		0.1
227		S		O		0.016		0.35		0.196		0.189		0.167		0.1
228		D		O		0.082		0.334		0.181		0.166		0.135		0.1
229		C		O		0.008		0.321		0.173		0.142		0.085		0.0
230		T		O		0.002		0.305		0.162		0.125		0.071		0.0
231		T		O		0.004		0.294		0.154		0.117		0.055		0.0
232		I		O		0.026		0.278		0.144		0.125		0.037		0.0
233		H		O		0.002		0.253		0.124		0.13		0.033		0.0
234		Y		O		0.012		0.244		0.114		0.132		0.027		0.0
235		N		O		0.0		0.23		0.1		0.153		0.03		0.0
236		Y		O		0.0		0.231		0.096		0.173		0.028		0.0
237		M		O		0.003		0.235		0.093		0.161		0.037		0.0
238		C		O		0.011		0.253		0.1		0.161		0.045		0.0
239		N		O		0.005		0.272		0.109		0.157		0.076		0.0
240		S		O		0.0		0.296		0.123		0.156		0.097		0.0
241		S		O		0.006		0.293		0.118		0.172		0.103		0.1
242		C		O		0.019		0.285		0.111		0.207		0.096		0.0
243		M		O		0.006		0.277		0.103		0.23		0.109		0.1
244		G		O		0.013		0.278		0.104		0.242		0.122		0.1
245		G		O		0.084		0.276		0.102		0.256		0.131		0.1
246		M		O		0.179		0.278		0.102		0.27		0.136		0.1
247		N		O		0.04		0.294		0.115		0.248		0.142		0.1
248		R		O		0.007		0.325		0.138		0.263		0.14		0.1
249		R		O		0.007		0.369		0.17		0.267		0.132		0.1
250		P		O		0.002		0.401		0.194		0.295		0.116		0.1
251		I		O		0.0		0.425		0.211		0.382		0.079		0.0
252		L		O		0.004		0.454		0.232		0.463		0.068		0.0
253		T		O		0.0		0.47		0.247		0.474		0.067		0.0
254		I		O		0.002		0.481		0.259		0.462		0.064		0.0
255		I		O		0.016		0.473		0.256		0.416		0.076		0.0
256		T		O		0.008		0.458		0.248		0.352		0.115		0.1
257		L		O		0.055		0.447		0.243		0.293		0.151		0.1
258		E		O		0.014		0.433		0.234		0.281		0.226		0.2
259		D		O		0.004		0.421		0.23		0.289		0.269		0.2
260		S		O		0.014		0.406		0.221		0.295		0.295		0.2
261		S		O		0.046		0.393		0.212		0.35		0.301		0.3
262		G		O		0.034		0.388		0.213		0.378		0.289		0.2
263		N		O		0.045		0.374		0.208		0.364		0.272		0.2
264		L		O		0.024		0.36		0.207		0.355		0.246		0.2
265		L		O		0.003		0.352		0.215		0.313		0.24		0.2
266		G		O		0.002		0.352		0.23		0.285		0.251		0.2
267		R		O		0.045		0.351		0.243		0.281		0.258		0.2
268		N		O		0.036		0.344		0.25		0.244		0.257		0.2
269		S		O		0.075		0.333		0.25		0.225		0.248		0.2
270		F		O		0.124		0.327		0.252		0.212		0.218		0.2
271		E		O		0.052		0.337		0.262		0.243		0.218		0.2
272		V		O		0.084		0.362		0.283		0.276		0.203		0.2
273		R		O		0.102		0.377		0.295		0.301		0.207		0.2
274		V		O		0.022		0.394		0.309		0.348		0.202		0.2
275		C		O		0.017		0.412		0.321		0.405		0.215		0.2
276		A		O		0.019		0.424		0.331		0.513		0.273		0.2
277		C		O		0.004		0.446		0.351		0.644		0.333		0.3
278		P		O		0.042		0.452		0.361		0.738		0.517		0.5
279		G		O		0.126		0.458		0.372		0.796		0.619		0.6
280		R		O		0.05		0.46		0.379		0.793		0.709		0.7
281		D		O		0.057		0.476		0.394		0.78		0.777		0.7
282		R		O		0.284		0.506		0.42		0.801		0.824		0.8
283		R		O		0.186		0.551		0.457		0.834		0.86		0.8
284		T		O		0.11		0.613		0.504		0.863		0.886		0.8
285		E		O		0.164		0.684		0.556		0.885		0.914		0.9
286		E		O		0.363		0.751		0.603		0.911		0.93		0.9
287		E		O		0.154		0.808		0.644		0.924		0.938		0.9
288		N		D		0.5		0.848		0.673		0.943		0.94		0.9
289		L		D		0.553		0.877		0.694		0.958		0.94		0.9
290		R		D		0.626		0.903		0.715		0.96		0.952		0.9
291		K		D		0.775		0.911		0.726		0.952		0.962		0.9
292		K		D		0.666		0.905		0.73		0.948		0.968		0.9
293		G		D		0.664		0.889		0.727		0.944		0.972		0.9
294		E		D		0.764		0.877		0.728		0.949		0.976		0.9
295		P		D		0.827		0.871		0.733		0.952		0.977		0.9
296		H		D		0.835		0.863		0.738		0.959		0.974		0.9
297		H		D		0.544		0.862		0.747		0.961		0.973		0.9
298		E		D		0.582		0.855		0.75		0.964		0.974		0.9
299		L		O		0.426		0.858		0.758		0.961		0.972		0.9
300		P		O		0.26		0.863		0.767		0.961		0.979		0.9
301		P		D		0.524		0.872		0.776		0.967		0.981		0.9
302		G		D		0.718		0.879		0.784		0.966		0.981		0.9
303		S		D		0.776		0.888		0.794		0.96		0.981		0.9
304		T		D		0.776		0.894		0.8		0.961		0.979		0.9
305		K		D		0.728		0.9		0.81		0.963		0.977		0.9
306		R		D		0.779		0.903		0.819		0.973		0.974		0.9
307		A		O		0.458		0.901		0.825		0.981		0.97		0.9
308		L		O		0.212		0.9		0.829		0.984		0.969		0.9
309		P		O		0.314		0.903		0.834		0.981		0.976		0.9
310		N		O		0.284		0.911		0.841		0.981		0.979		0.9
311		N		O		0.3		0.91		0.837		0.982		0.982		0.9
312		T		O		0.493		0.909		0.833		0.984		0.984		0.9
313		S		D		0.678		0.898		0.82		0.984		0.988		0.9
314		S		D		0.736		0.887		0.806		0.986		0.989		0.9
315		S		O		0.298		0.873		0.788		0.983		0.988		0.9
316		P		O		0.188		0.852		0.767		0.984		0.985		0.9
317		Q		O		0.4		0.826		0.744		0.983		0.978		0.9
318		P		O		0.151		0.793		0.717		0.981		0.968		0.9
319		K		O		0.228		0.758		0.688		0.977		0.949		0.9
320		K		D		0.607		0.729		0.663		0.978		0.922		0.9
321		K		D		0.626		0.708		0.643		0.978		0.884		0.8
322		P		O		0.296		0.685		0.621		0.976		0.828		0.8
323		L		O		0.057		0.671		0.608		0.976		0.728		0.7
324		D		O		0.286		0.657		0.597		0.974		0.681		0.6
325		G		O		0.156		0.642		0.582		0.969		0.611		0.6
326		E		O		0.09		0.616		0.561		0.97		0.531		0.5
327		Y		O		0.062		0.584		0.536		0.974		0.4		0.4
328		F		O		0.031		0.555		0.511		0.975		0.359		0.3
329		T		O		0.105		0.516		0.478		0.98		0.354		0.3
330		L		O		0.225		0.484		0.452		0.978		0.349		0.3
331		Q		D		0.536		0.441		0.415		0.977		0.363		0.3
332		I		D		0.775		0.415		0.39		0.974		0.365		0.3
333		R		D		0.791		0.398		0.37		0.97		0.402		0.4
334		G		D		0.767		0.398		0.359		0.966		0.427		0.4
335		R		D		0.754		0.404		0.355		0.962		0.447		0.4
336		E		D		0.734		0.411		0.35		0.967		0.457		0.4
337		R		D		0.738		0.418		0.347		0.969		0.453		0.4
338		F		D		0.736		0.434		0.352		0.965		0.44		0.4
339		E		D		0.698		0.455		0.36		0.974		0.459		0.4
340		M		D		0.733		0.479		0.373		0.971		0.462		0.4
341		F		O		0.488		0.495		0.384		0.969		0.468		0.4
342		R		O		0.27		0.504		0.393		0.977		0.515		0.5
343		E		O		0.163		0.517		0.403		0.974		0.548		0.5
344		L		O		0.098		0.523		0.41		0.959		0.563		0.5
345		N		O		0.278		0.528		0.416		0.945		0.607		0.6
346		E		O		0.261		0.542		0.429		0.949		0.638		0.6
347		A		D		0.5		0.563		0.442		0.958		0.652		0.6
348		L		O		0.476		0.593		0.462		0.969		0.668		0.6
349		E		D		0.708		0.624		0.479		0.992		0.713		0.7
350		L		D		0.566		0.663		0.506		0.996		0.737		0.7
351		K		O		0.217		0.701		0.529		0.991		0.796		0.7
352		D		O		0.385		0.743		0.56		0.977		0.836		0.8
353		A		D		0.516		0.775		0.584		0.969		0.862		0.8
354		Q		D		0.561		0.797		0.602		0.961		0.891		0.8
355		A		O		0.493		0.812		0.619		0.958		0.909		0.9
356		G		O		0.487		0.82		0.634		0.959		0.93		0.9
357		K		D		0.598		0.828		0.649		0.954		0.949		0.9
358		E		D		0.504		0.844		0.67		0.949		0.962		0.9
359		P		O		0.478		0.852		0.686		0.949		0.97		0.9
360		G		O		0.45		0.861		0.707		0.95		0.972		0.9
361		G		D		0.725		0.875		0.726		0.968		0.975		0.9
362		S		D		0.893		0.883		0.74		0.973		0.978		0.9
363		R		D		0.888		0.89		0.752		0.98		0.978		0.9
364		A		D		0.897		0.9		0.765		0.977		0.977		0.9
365		H		D		0.927		0.905		0.773		0.972		0.978		0.9
366		S		D		0.959		0.905		0.775		0.969		0.981		0.9
367		S		D		0.927		0.909		0.78		0.968		0.98		0.9
368		H		D		0.902		0.911		0.782		0.968		0.976		0.9
369		L		D		0.946		0.909		0.781		0.972		0.973		0.9
370		K		D		0.91		0.905		0.781		0.966		0.979		0.9
371		S		D		0.825		0.897		0.78		0.957		0.984		0.9
372		K		O		0.308		0.878		0.771		0.943		0.985		0.9
373		K		O		0.108		0.855		0.761		0.94		0.985		0.9
374		G		O		0.223		0.832		0.75		0.944		0.984		0.9
375		Q		D		0.645		0.812		0.742		0.946		0.984		0.9
376		S		D		0.68		0.798		0.734		0.949		0.983		0.9
377		T		D		0.629		0.792		0.727		0.954		0.978		0.9
378		S		D		0.623		0.796		0.724		0.952		0.975		0.9
379		R		O		0.41		0.807		0.721		0.95		0.967		0.9
380		H		D		0.74		0.824		0.722		0.953		0.957		0.9
381		K		D		0.844		0.842		0.726		0.953		0.949		0.9
382		K		D		0.657		0.854		0.734		0.953		0.936		0.9
383		L		D		0.67		0.865		0.748		0.964		0.917		0.9
384		M		D		0.566		0.865		0.764		0.977		0.913		0.9
385		F		O		0.318		0.858		0.784		0.978		0.913		0.9
386		K		O		0.178		0.848		0.808		0.971		0.935		0.9
387		T		O		0.448		0.835		0.835		0.958		0.95		0.9
388		E		O		0.224		0.821		0.862		0.939		0.966		0.9
389		G		O		0.09		0.808		0.89		0.922		0.975		0.9
390		P		O		0.136		0.796		0.915		0.918		0.985		0.9
391		D		D		0.572		0.784		0.937		0.931		0.991		0.9
392		S		O		0.295		0.773		0.951		0.954		0.995		0.9
393		D		O		0.411		0.758		0.954		0.963		0.999		0.9
